27 31 0 10 54 62
27 31 0 83 54 62
27 31 0 158 54 62
27 31 3 232 54 62
27 31 2 305 54 62
27 31 3 373 54 62
27 31 3 448 54 62
27 31 6 520 54 62
27 31 57 8 54 62
27 31 59 82 54 62
27 31 60 154 54 62
27 31 57 229 54 62
27 31 57 302 54 62
27 31 62 376 54 62
27 31 61 451 54 62
27 31 63 520 54 62
27 31 115 6 54 62
27 31 116 82 54 62
27 31 116 154 54 62
27 31 118 228 54 62
27 31 115 300 54 62
27 31 121 373 54 62
27 31 119 446 54 62
27 31 116 520 54 62
27 31 175 4 54 62
27 31 173 80 54 62
27 31 175 153 54 62
27 31 176 225 54 62
27 31 178 299 54 62
27 31 178 376 54 62
27 31 177 451 54 62
27 31 173 519 54 62
27 31 235 4 54 62
27 31 233 80 54 62
27 31 233 152 54 62
27 31 237 226 54 62
27 31 237 300 54 62
27 31 235 375 54 62
27 31 233 448 54 62
27 31 231 521 54 62
