41 40 4 5 81 82
40 40 5 88 80 80
40 40 5 169 80 80
40 40 5 250 80 82
40 40 5 334 80 80
40 41 5 415 80 81
40 39 5 497 80 79
40 40 4 579 80 76
40 44 87 4 80 81
42 44 85 86 82 84
40 43 87 169 80 80
40 42 87 251 80 82
40 40 87 337 80 80
40 43 87 415 80 83
40 43 87 497 80 83
40 40 82 580 80 80
40 43 169 4 80 81
40 41 168 86 80 81
40 40 167 169 80 80
40 40 166 253 80 80
40 40 166 335 80 79
40 42 169 415 80 82
40 40 168 499 80 80
32 40 167 585 72 80
40 42 251 6 80 82
40 42 251 88 80 82
40 40 250 172 80 80
40 40 250 254 80 80
40 40 248 336 80 80
40 41 251 417 80 81
40 40 250 501 81 80
40 40 245 586 80 80
40 40 332 4 81 80
40 40 332 88 80 80
40 40 332 169 80 80
40 40 332 249 80 80
40 40 333 331 80 80
39 40 332 415 82 81
40 40 332 497 80 81
40 40 320 589 80 80
