35 28 1 5 70 54
35 34 0 60 70 57
35 33 0 117 70 59
35 25 2 174 70 51
35 23 2 224 70 51
35 28 3 282 70 50
35 30 4 333 70 60
36 28 2 401 71 49
35 35 3 450 70 63
35 29 7 521 70 57
35 28 76 5 70 56
35 30 75 63 70 56
35 28 74 119 70 52
35 26 75 170 70 51
35 26 74 219 70 54
35 28 74 278 70 55
35 28 74 334 70 56
35 33 75 393 70 61
35 30 76 451 71 58
35 28 77 522 70 56
35 28 151 3 70 56
35 28 151 64 70 56
35 28 152 119 70 54
35 28 152 171 70 50
35 28 151 217 70 55
35 34 150 273 70 62
35 28 149 333 70 56
35 35 151 393 70 63
35 28 152 457 70 56
35 28 148 527 70 56
35 28 224 4 70 56
35 28 223 65 70 55
35 28 223 121 70 51
35 25 225 171 70 50
35 28 226 217 70 54
35 33 223 273 70 54
35 33 222 327 70 61
35 35 224 394 70 63
35 28 221 458 73 56
35 28 220 523 70 56
35 28 297 6 70 56
35 28 295 66 70 55
35 28 296 122 70 53
35 27 298 173 70 50
35 26 298 223 70 54
35 28 297 281 70 45
35 36 297 327 70 64
35 33 295 397 70 60
34 28 295 458 69 63
35 28 289 521 70 56
